function result = testAeq(t)
% result = [t^5 t^4 t^3 t^2 t 1            0 0 0 0 0 0       -t^5 -t^4 -t^3 -t^2 -t -1          0 0 0 0 0 0;
%           5*t^4 4*t^3 3*t^2 2*t^1 1 0    0 0 0 0 0 0       -5*t^4 -4*t^3 -3*t^2 -2*t^1 -1 0   0 0 0 0 0 0;
%           20*t^3 12*t^2 6*t 2 0 0        0 0 0 0 0 0       -20*t^3 -12*t^2 -6*t -2 0 0        0 0 0 0 0 0;
%           60*t^2 24*t 6 0 0 0            0 0 0 0 0 0       60*t^2 24*t 6 0 0 0                0 0 0 0 0 0;
%           120*t 24 0 0 0 0               0 0 0 0 0 0       -120*t -24 0 0 0 0                 0 0 0 0 0 0;
%           0 0 0 0 0 0      t^5 t^4 t^3 t^2 t 1            0 0 0 0 0 0         -t^5 -t^4 -t^3 -t^2 -t -1;
%           0 0 0 0 0 0      5*t^4 4*t^3 3*t^2 2*t^1 1 0    0 0 0 0 0 0         -5*t^4 -4*t^3 -3*t^2 -2*t^1 -1 0;
%           0 0 0 0 0 0      20*t^3 12*t^2 6*t 2 0 0        0 0 0 0 0 0         -20*t^3 -12*t^2 -6*t -2 0 0;
%           0 0 0 0 0 0      60*t^2 24*t 6 0 0 0            0 0 0 0 0 0         -60*t^2 -24*t -6 0 0 0;
%           0 0 0 0 0 0      120*t 24 0 0 0 0               0 0 0 0 0 0         -120*t -24 0 0 0 0;];
result = [t^5 t^4 t^3 t^2 t 1            0 0 0 0 0 0       -1 -1 -1 -1 -1 -1          0 0 0 0 0 0;
          5*t^4 4*t^3 3*t^2 2*t^1 1 0    0 0 0 0 0 0       -5 -4 -3 -2 -1 0           0 0 0 0 0 0;
          20*t^3 12*t^2 6*t 2 0 0        0 0 0 0 0 0       -20 -12 -6 -2 0 0          0 0 0 0 0 0;
          60*t^2 24*t 6 0 0 0            0 0 0 0 0 0       60 24 6 0 0 0              0 0 0 0 0 0;
          120*t 24 0 0 0 0               0 0 0 0 0 0       -120 -24 0 0 0 0           0 0 0 0 0 0;
          0 0 0 0 0 0      t^5 t^4 t^3 t^2 t 1            0 0 0 0 0 0         -1 -1 -1 -1 -1 -1;
          0 0 0 0 0 0      5*t^4 4*t^3 3*t^2 2*t^1 1 0    0 0 0 0 0 0         -5 -4 -3 -2 -1 0 ;
          0 0 0 0 0 0      20*t^3 12*t^2 6*t 2 0 0        0 0 0 0 0 0         -20 -12 -6 -2 0 0;
          0 0 0 0 0 0      60*t^2 24*t 6 0 0 0            0 0 0 0 0 0         60 24 6 0 0 0;
          0 0 0 0 0 0      120*t 24 0 0 0 0               0 0 0 0 0 0         -120 -24 0 0 0 0;];

end

